{
  "model": "Qwen/Qwen2.5-1.5B-Instruct",
  "n_layers": 28,
  "layers": [
    7,
    11,
    14,
    16,
    21,
    25,
    28
  ],
  "by_layer": {
    "7": {
      "drama_axis_auroc": 1.0,
      "mean_proj": {
        "neutral": -2.543131586207892e-06,
        "understated": 97.9113540649414,
        "dramatic": 310.8550720214844,
        "melodramatic": 325.8406066894531
      },
      "cos(drama,melo)": 0.9997667074203491,
      "principal_angle_drama_melo_deg": 1.237646222114563,
      "dramatic_to_melo_frac_var_along_drama_axis": 0.819311797618866,
      "dramatic_to_melo_angle_to_drama_axis_deg": 25.15537452697754,
      "cos(excess,drama)": -1.387670636177063e-07,
      "dramatic_vs_melo_auroc_drama_axis_only": 0.701388888888889,
      "dramatic_vs_melo_auroc_excess_axis_only": 1.0,
      "mean_excess_proj": {
        "neutral": 3.178914482759865e-07,
        "understated": -0.6247918605804443,
        "dramatic": -4.217028617858887e-05,
        "melodramatic": 7.037374019622803
      },
      "subconcept_names": [
        "excess_sentimentality",
        "pathos_grief",
        "restraint",
        "shock",
        "sincerity",
        "spectacle",
        "stakes",
        "suspense"
      ],
      "subspace_singular_values": [
        2.590158700942993,
        0.9151645302772522,
        0.5345852375030518,
        0.3203426003456116,
        0.2006627768278122,
        0.12152203172445297,
        0.09431666135787964,
        0.03495025634765625
      ],
      "subspace_participation_ratio": 1.397220817274403,
      "subspace_explained_var_cumsum": [
        0.838615357875824,
        0.9433061480522156,
        0.9790288209915161,
        0.9918562173843384,
        0.9968894124031067,
        0.9987353682518005,
        0.9998472929000854,
        1.0
      ],
      "subspace_participation_ratio_random_mean": 7.961402353670972,
      "subspace_participation_ratio_random_std": 0.009308510962688574,
      "subconcept_cos_matrix": [
        [
          0.9999995827674866,
          -0.39290928840637207,
          0.8418058753013611,
          0.9758493304252625,
          0.9847515821456909,
          0.9983569979667664,
          -0.9381079077720642,
          0.9920728206634521
        ],
        [
          -0.39290928840637207,
          1.0,
          -0.3125155568122864,
          -0.3541470468044281,
          -0.36052820086479187,
          -0.39819496870040894,
          0.4446127116680145,
          -0.3648569583892822
        ],
        [
          0.8418058753013611,
          -0.3125155568122864,
          0.9999999403953552,
          0.7805649638175964,
          0.8248433470726013,
          0.8316508531570435,
          -0.7857807278633118,
          0.8190321922302246
        ],
        [
          0.9758493304252625,
          -0.3541470468044281,
          0.7805649638175964,
          1.0,
          0.9571278691291809,
          0.9746270179748535,
          -0.9097030758857727,
          0.9782065153121948
        ],
        [
          0.9847515821456909,
          -0.36052820086479187,
          0.8248433470726013,
          0.9571278691291809,
          1.0000001192092896,
          0.9837512373924255,
          -0.916811466217041,
          0.9806455969810486
        ],
        [
          0.9983569979667664,
          -0.39819496870040894,
          0.8316508531570435,
          0.9746270179748535,
          0.9837512373924255,
          0.9999998807907104,
          -0.9327604174613953,
          0.9914510846138
        ],
        [
          -0.9381079077720642,
          0.4446127116680145,
          -0.7857807278633118,
          -0.9097030758857727,
          -0.916811466217041,
          -0.9327604174613953,
          0.9999999403953552,
          -0.9333742260932922
        ],
        [
          0.9920728206634521,
          -0.3648569583892822,
          0.8190321922302246,
          0.9782065153121948,
          0.9806455969810486,
          0.9914510846138,
          -0.9333742260932922,
          1.0000001192092896
        ]
      ],
      "drama_axis_energy_in_subconcept_space": 0.9686227440834045
    },
    "11": {
      "drama_axis_auroc": 1.0,
      "mean_proj": {
        "neutral": -5.086263172415784e-06,
        "understated": 97.91788482666016,
        "dramatic": 311.465087890625,
        "melodramatic": 326.4880676269531
      },
      "cos(drama,melo)": 0.9996256232261658,
      "principal_angle_drama_melo_deg": 1.5678539276123047,
      "dramatic_to_melo_frac_var_along_drama_axis": 0.7386999130249023,
      "dramatic_to_melo_angle_to_drama_axis_deg": 30.742136001586914,
      "cos(excess,drama)": 6.705522537231445e-08,
      "dramatic_vs_melo_auroc_drama_axis_only": 0.6944444444444445,
      "dramatic_vs_melo_auroc_excess_axis_only": 1.0,
      "mean_excess_proj": {
        "neutral": -3.616015192164923e-06,
        "understated": -0.6583341360092163,
        "dramatic": 2.26596985157812e-05,
        "melodramatic": 8.934976577758789
      },
      "subconcept_names": [
        "excess_sentimentality",
        "pathos_grief",
        "restraint",
        "shock",
        "sincerity",
        "spectacle",
        "stakes",
        "suspense"
      ],
      "subspace_singular_values": [
        2.5179829597473145,
        0.9611856341362,
        0.6650603413581848,
        0.4248971939086914,
        0.25815731287002563,
        0.1636967808008194,
        0.13203224539756775,
        0.0465458407998085
      ],
      "subspace_participation_ratio": 1.5501672159844133,
      "subspace_explained_var_cumsum": [
        0.792529821395874,
        0.9080145359039307,
        0.9633026719093323,
        0.9858698844909668,
        0.9942005276679993,
        0.9975501298904419,
        0.9997292160987854,
        1.0
      ],
      "subspace_participation_ratio_random_mean": 7.964184539806584,
      "subspace_participation_ratio_random_std": 0.011166550917667358,
      "subconcept_cos_matrix": [
        [
          0.9999996423721313,
          -0.306274950504303,
          0.7482227683067322,
          0.9500256776809692,
          0.9754636287689209,
          0.9972625970840454,
          -0.8879903554916382,
          0.9834690690040588
        ],
        [
          -0.306274950504303,
          1.000000238418579,
          -0.22129079699516296,
          -0.22570708394050598,
          -0.2778266370296478,
          -0.3137155771255493,
          0.40547025203704834,
          -0.2558300793170929
        ],
        [
          0.7482227683067322,
          -0.22129079699516296,
          1.000000238418579,
          0.6379606127738953,
          0.7258155941963196,
          0.7345293760299683,
          -0.6827905178070068,
          0.7087942957878113
        ],
        [
          0.9500256776809692,
          -0.22570708394050598,
          0.6379606127738953,
          1.0000001192092896,
          0.9231849908828735,
          0.9489660859107971,
          -0.8069910407066345,
          0.9602339863777161
        ],
        [
          0.9754636287689209,
          -0.2778266370296478,
          0.7258155941963196,
          0.9231849908828735,
          0.9999999403953552,
          0.9721085429191589,
          -0.8577300310134888,
          0.964104175567627
        ],
        [
          0.9972625970840454,
          -0.3137155771255493,
          0.7345293760299683,
          0.9489660859107971,
          0.9721085429191589,
          0.9999999403953552,
          -0.8811076879501343,
          0.9823355674743652
        ],
        [
          -0.8879903554916382,
          0.40547025203704834,
          -0.6827905178070068,
          -0.8069910407066345,
          -0.8577300310134888,
          -0.8811076879501343,
          1.0000001192092896,
          -0.871796727180481
        ],
        [
          0.9834690690040588,
          -0.2558300793170929,
          0.7087942957878113,
          0.9602339863777161,
          0.964104175567627,
          0.9823355674743652,
          -0.871796727180481,
          0.9999997019767761
        ]
      ],
      "drama_axis_energy_in_subconcept_space": 0.946792483329773
    },
    "14": {
      "drama_axis_auroc": 1.0,
      "mean_proj": {
        "neutral": 2.7974447220913135e-05,
        "understated": 98.00048828125,
        "dramatic": 310.9681091308594,
        "melodramatic": 326.043212890625
      },
      "cos(drama,melo)": 0.999557375907898,
      "principal_angle_drama_melo_deg": 1.7046762704849243,
      "dramatic_to_melo_frac_var_along_drama_axis": 0.7070563435554504,
      "dramatic_to_melo_angle_to_drama_axis_deg": 32.768272399902344,
      "cos(excess,drama)": 1.6205012798309326e-07,
      "dramatic_vs_melo_auroc_drama_axis_only": 0.701388888888889,
      "dramatic_vs_melo_auroc_excess_axis_only": 1.0,
      "mean_excess_proj": {
        "neutral": 2.1656353510479676e-06,
        "understated": -0.6181733012199402,
        "dramatic": 5.0326187192695215e-05,
        "melodramatic": 9.703505516052246
      },
      "subconcept_names": [
        "excess_sentimentality",
        "pathos_grief",
        "restraint",
        "shock",
        "sincerity",
        "spectacle",
        "stakes",
        "suspense"
      ],
      "subspace_singular_values": [
        2.502267837524414,
        0.9833688139915466,
        0.6612391471862793,
        0.4473341405391693,
        0.2816966772079468,
        0.17464135587215424,
        0.1484941840171814,
        0.04892444983124733
      ],
      "subspace_participation_ratio": 1.5850025244317894,
      "subspace_explained_var_cumsum": [
        0.7826680541038513,
        0.9035448431968689,
        0.9581995010375977,
        0.9832130074501038,
        0.9931321144104004,
        0.9969445466995239,
        0.9997008442878723,
        1.0
      ],
      "subspace_participation_ratio_random_mean": 7.96475105967807,
      "subspace_participation_ratio_random_std": 0.010354721295519344,
      "subconcept_cos_matrix": [
        [
          0.9999999403953552,
          -0.25607746839523315,
          0.7547672390937805,
          0.9393165707588196,
          0.9709280729293823,
          0.9968873858451843,
          -0.8744210600852966,
          0.9797309041023254
        ],
        [
          -0.25607746839523315,
          1.0000001192092896,
          -0.17566612362861633,
          -0.14776213467121124,
          -0.22535420954227448,
          -0.2669912278652191,
          0.361802875995636,
          -0.20062169432640076
        ],
        [
          0.7547672390937805,
          -0.17566612362861633,
          1.0000003576278687,
          0.6360241770744324,
          0.7217985987663269,
          0.7387166619300842,
          -0.6893802881240845,
          0.7143513560295105
        ],
        [
          0.9393165707588196,
          -0.14776213467121124,
          0.6360241770744324,
          1.0,
          0.9071664214134216,
          0.9376463890075684,
          -0.7717342376708984,
          0.9499702453613281
        ],
        [
          0.9709280729293823,
          -0.22535420954227448,
          0.7217985987663269,
          0.9071664214134216,
          0.9999998211860657,
          0.9667372107505798,
          -0.8424093723297119,
          0.9583019614219666
        ],
        [
          0.9968873858451843,
          -0.2669912278652191,
          0.7387166619300842,
          0.9376463890075684,
          0.9667372107505798,
          1.0,
          -0.8676856756210327,
          0.9783238172531128
        ],
        [
          -0.8744210600852966,
          0.361802875995636,
          -0.6893802881240845,
          -0.7717342376708984,
          -0.8424093723297119,
          -0.8676856756210327,
          0.9999997019767761,
          -0.8575006723403931
        ],
        [
          0.9797309041023254,
          -0.20062169432640076,
          0.7143513560295105,
          0.9499702453613281,
          0.9583019614219666,
          0.9783238172531128,
          -0.8575006723403931,
          1.0
        ]
      ],
      "drama_axis_energy_in_subconcept_space": 0.9409558773040771
    },
    "16": {
      "drama_axis_auroc": 1.0,
      "mean_proj": {
        "neutral": 2.1616617232211865e-05,
        "understated": 98.03192138671875,
        "dramatic": 311.0899658203125,
        "melodramatic": 326.2060546875
      },
      "cos(drama,melo)": 0.9995232224464417,
      "principal_angle_drama_melo_deg": 1.769345998764038,
      "dramatic_to_melo_frac_var_along_drama_axis": 0.6923099756240845,
      "dramatic_to_melo_angle_to_drama_axis_deg": 33.689918518066406,
      "cos(excess,drama)": -1.6391277313232422e-07,
      "dramatic_vs_melo_auroc_drama_axis_only": 0.701388888888889,
      "dramatic_vs_melo_auroc_excess_axis_only": 1.0,
      "mean_excess_proj": {
        "neutral": -3.97364289028701e-07,
        "understated": -0.7241565585136414,
        "dramatic": -5.08725643157959e-05,
        "melodramatic": 10.077277183532715
      },
      "subconcept_names": [
        "excess_sentimentality",
        "pathos_grief",
        "restraint",
        "shock",
        "sincerity",
        "spectacle",
        "stakes",
        "suspense"
      ],
      "subspace_singular_values": [
        2.4893431663513184,
        0.9914288520812988,
        0.6760523915290833,
        0.4687705934047699,
        0.2904585301876068,
        0.18178243935108185,
        0.15277376770973206,
        0.051927726715803146
      ],
      "subspace_participation_ratio": 1.6148247554415336,
      "subspace_explained_var_cumsum": [
        0.7746036648750305,
        0.8974700570106506,
        0.9546009302139282,
        0.9820691347122192,
        0.9926149249076843,
        0.9967455267906189,
        0.9996629953384399,
        1.0
      ],
      "subspace_participation_ratio_random_mean": 7.9646808972289564,
      "subspace_participation_ratio_random_std": 0.010108556650427987,
      "subconcept_cos_matrix": [
        [
          0.9999996423721313,
          -0.2315620630979538,
          0.7456111907958984,
          0.9317777156829834,
          0.9696568846702576,
          0.9965274333953857,
          -0.8619844913482666,
          0.9778136014938354
        ],
        [
          -0.2315620630979538,
          1.0,
          -0.18083108961582184,
          -0.11709603667259216,
          -0.19819611310958862,
          -0.24239271879196167,
          0.3363812565803528,
          -0.17142555117607117
        ],
        [
          0.7456111907958984,
          -0.18083108961582184,
          0.9999998807907104,
          0.6073504090309143,
          0.7131646871566772,
          0.7302327752113342,
          -0.6815009713172913,
          0.702719509601593
        ],
        [
          0.9317777156829834,
          -0.11709603667259216,
          0.6073504090309143,
          1.0,
          0.8978915810585022,
          0.930560827255249,
          -0.7469962239265442,
          0.9462215900421143
        ],
        [
          0.9696568846702576,
          -0.19819611310958862,
          0.7131646871566772,
          0.8978915810585022,
          1.0,
          0.9641717672348022,
          -0.8310278654098511,
          0.9534121155738831
        ],
        [
          0.9965274333953857,
          -0.24239271879196167,
          0.7302327752113342,
          0.930560827255249,
          0.9641717672348022,
          1.0,
          -0.8546128869056702,
          0.9763348698616028
        ],
        [
          -0.8619844913482666,
          0.3363812565803528,
          -0.6815009713172913,
          -0.7469962239265442,
          -0.8310278654098511,
          -0.8546128869056702,
          0.9999999403953552,
          -0.8437488675117493
        ],
        [
          0.9778136014938354,
          -0.17142555117607117,
          0.702719509601593,
          0.9462215900421143,
          0.9534121155738831,
          0.9763348698616028,
          -0.8437488675117493,
          1.0000001192092896
        ]
      ],
      "drama_axis_energy_in_subconcept_space": 0.9357113242149353
    },
    "21": {
      "drama_axis_auroc": 1.0,
      "mean_proj": {
        "neutral": 2.7974447220913135e-05,
        "understated": 97.8056640625,
        "dramatic": 311.1684875488281,
        "melodramatic": 326.2617492675781
      },
      "cos(drama,melo)": 0.9989165663719177,
      "principal_angle_drama_melo_deg": 2.667337417602539,
      "dramatic_to_melo_frac_var_along_drama_axis": 0.4964852035045624,
      "dramatic_to_melo_angle_to_drama_axis_deg": 45.20138168334961,
      "cos(excess,drama)": 6.705522537231445e-08,
      "dramatic_vs_melo_auroc_drama_axis_only": 0.6944444444444445,
      "dramatic_vs_melo_auroc_excess_axis_only": 1.0,
      "mean_excess_proj": {
        "neutral": -3.0994415283203125e-06,
        "understated": -1.2615352869033813,
        "dramatic": 1.9768873244174756e-05,
        "melodramatic": 15.19971752166748
      },
      "subconcept_names": [
        "excess_sentimentality",
        "pathos_grief",
        "restraint",
        "shock",
        "sincerity",
        "spectacle",
        "stakes",
        "suspense"
      ],
      "subspace_singular_values": [
        2.369168519973755,
        1.0295183658599854,
        0.8264378309249878,
        0.612274169921875,
        0.38518768548965454,
        0.262116014957428,
        0.21617275476455688,
        0.07380934804677963
      ],
      "subspace_participation_ratio": 1.923961817064802,
      "subspace_explained_var_cumsum": [
        0.7016199827194214,
        0.8341084718704224,
        0.9194834232330322,
        0.9663434028625488,
        0.9848896265029907,
        0.9934777021408081,
        0.9993190169334412,
        1.0
      ],
      "subspace_participation_ratio_random_mean": 7.961437963035176,
      "subspace_participation_ratio_random_std": 0.011043367869089134,
      "subconcept_cos_matrix": [
        [
          0.9999995231628418,
          -0.14192506670951843,
          0.5827807188034058,
          0.8758916258811951,
          0.9399956464767456,
          0.9927456378936768,
          -0.7715197205543518,
          0.9519666433334351
        ],
        [
          -0.14192506670951843,
          0.9999998807907104,
          -0.12019973248243332,
          -0.0016211681067943573,
          -0.08344831317663193,
          -0.1545703411102295,
          0.2424829751253128,
          -0.04323067143559456
        ],
        [
          0.5827807188034058,
          -0.12019973248243332,
          0.9999998807907104,
          0.37700244784355164,
          0.539997398853302,
          0.551608145236969,
          -0.4843660891056061,
          0.49796125292778015
        ],
        [
          0.8758916258811951,
          -0.0016211681067943573,
          0.37700244784355164,
          1.000000238418579,
          0.8183058500289917,
          0.873956561088562,
          -0.5807640552520752,
          0.9045600891113281
        ],
        [
          0.9399956464767456,
          -0.08344831317663193,
          0.539997398853302,
          0.8183058500289917,
          1.0000003576278687,
          0.9268943071365356,
          -0.7183020710945129,
          0.9048795700073242
        ],
        [
          0.9927456378936768,
          -0.1545703411102295,
          0.551608145236969,
          0.873956561088562,
          0.9268943071365356,
          0.9999999403953552,
          -0.7616466283798218,
          0.9513938426971436
        ],
        [
          -0.7715197205543518,
          0.2424829751253128,
          -0.4843660891056061,
          -0.5807640552520752,
          -0.7183020710945129,
          -0.7616466283798218,
          0.9999997019767761,
          -0.7349306344985962
        ],
        [
          0.9519666433334351,
          -0.04323067143559456,
          0.49796125292778015,
          0.9045600891113281,
          0.9048795700073242,
          0.9513938426971436,
          -0.7349306344985962,
          0.9999999403953552
        ]
      ],
      "drama_axis_energy_in_subconcept_space": 0.8961299657821655
    },
    "25": {
      "drama_axis_auroc": 1.0,
      "mean_proj": {
        "neutral": -8.900959983293433e-06,
        "understated": 96.2847900390625,
        "dramatic": 311.608642578125,
        "melodramatic": 326.5401916503906
      },
      "cos(drama,melo)": 0.9946833848953247,
      "principal_angle_drama_melo_deg": 5.910820960998535,
      "dramatic_to_melo_frac_var_along_drama_axis": 0.1632314920425415,
      "dramatic_to_melo_angle_to_drama_axis_deg": 66.17031860351562,
      "cos(excess,drama)": 1.0244548320770264e-07,
      "dramatic_vs_melo_auroc_drama_axis_only": 0.701388888888889,
      "dramatic_vs_melo_auroc_excess_axis_only": 1.0,
      "mean_excess_proj": {
        "neutral": -4.0531158447265625e-06,
        "understated": -2.637282371520996,
        "dramatic": 3.695487976074219e-05,
        "melodramatic": 33.80702209472656
      },
      "subconcept_names": [
        "excess_sentimentality",
        "pathos_grief",
        "restraint",
        "shock",
        "sincerity",
        "spectacle",
        "stakes",
        "suspense"
      ],
      "subspace_singular_values": [
        2.094304084777832,
        1.1635545492172241,
        0.984168529510498,
        0.7855736017227173,
        0.5789653062820435,
        0.4253160357475281,
        0.36573418974876404,
        0.15640278160572052
      ],
      "subspace_participation_ratio": 2.837700722143937,
      "subspace_explained_var_cumsum": [
        0.548263669013977,
        0.7174960374832153,
        0.8385694622993469,
        0.9157102108001709,
        0.9576103091239929,
        0.9802220463752747,
        0.9969422221183777,
        0.9999999403953552
      ],
      "subspace_participation_ratio_random_mean": 7.956428298961862,
      "subspace_participation_ratio_random_std": 0.01569861642846745,
      "subconcept_cos_matrix": [
        [
          1.0000001192092896,
          -0.04886667802929878,
          0.2844272255897522,
          0.666993260383606,
          0.8316032290458679,
          0.9660645723342896,
          -0.5357542037963867,
          0.8518562316894531
        ],
        [
          -0.04886667802929878,
          1.0,
          -0.04337878152728081,
          0.17433400452136993,
          0.057876866310834885,
          -0.08523333817720413,
          0.2369181513786316,
          0.13835909962654114
        ],
        [
          0.2844272255897522,
          -0.04337878152728081,
          1.0,
          -0.08397454768419266,
          0.23104621469974518,
          0.20695316791534424,
          -0.1733975112438202,
          0.11955930292606354
        ],
        [
          0.666993260383606,
          0.17433400452136993,
          -0.08397454768419266,
          1.0,
          0.5420581102371216,
          0.6709039807319641,
          -0.12967990338802338,
          0.7620581388473511
        ],
        [
          0.8316032290458679,
          0.057876866310834885,
          0.23104621469974518,
          0.5420581102371216,
          0.9999999403953552,
          0.7736026048660278,
          -0.4319237172603607,
          0.7421726584434509
        ],
        [
          0.9660645723342896,
          -0.08523333817720413,
          0.20695316791534424,
          0.6709039807319641,
          0.7736026048660278,
          0.9999995827674866,
          -0.5173027515411377,
          0.8504558205604553
        ],
        [
          -0.5357542037963867,
          0.2369181513786316,
          -0.1733975112438202,
          -0.12967990338802338,
          -0.4319237172603607,
          -0.5173027515411377,
          1.000000238418579,
          -0.4207605719566345
        ],
        [
          0.8518562316894531,
          0.13835909962654114,
          0.11955930292606354,
          0.7620581388473511,
          0.7421726584434509,
          0.8504558205604553,
          -0.4207605719566345,
          1.0
        ]
      ],
      "drama_axis_energy_in_subconcept_space": 0.7925288081169128
    },
    "28": {
      "drama_axis_auroc": 1.0,
      "mean_proj": {
        "neutral": -2.066294428004767e-06,
        "understated": 14.514663696289062,
        "dramatic": 35.64287185668945,
        "melodramatic": 37.73215103149414
      },
      "cos(drama,melo)": 0.8476457595825195,
      "principal_angle_drama_melo_deg": 32.04347229003906,
      "dramatic_to_melo_frac_var_along_drama_axis": 0.00776496808975935,
      "dramatic_to_melo_angle_to_drama_axis_deg": 84.94458770751953,
      "cos(excess,drama)": -1.0244548320770264e-08,
      "dramatic_vs_melo_auroc_drama_axis_only": 0.5694444444444444,
      "dramatic_vs_melo_auroc_excess_axis_only": 1.0,
      "mean_excess_proj": {
        "neutral": 2.066294428004767e-06,
        "understated": -3.1523313522338867,
        "dramatic": 1.6291936617562897e-06,
        "melodramatic": 23.61749267578125
      },
      "subconcept_names": [
        "excess_sentimentality",
        "pathos_grief",
        "restraint",
        "shock",
        "sincerity",
        "spectacle",
        "stakes",
        "suspense"
      ],
      "subspace_singular_values": [
        1.487473487854004,
        1.2203280925750732,
        1.1390708684921265,
        1.0088096857070923,
        0.7900932431221008,
        0.7403680682182312,
        0.6972594857215881,
        0.5696305632591248
      ],
      "subspace_participation_ratio": 5.890917104270013,
      "subspace_explained_var_cumsum": [
        0.27657219767570496,
        0.4627223014831543,
        0.6249076128005981,
        0.752119779586792,
        0.8301507234573364,
        0.8986688256263733,
        0.9594401717185974,
        1.0
      ],
      "subspace_participation_ratio_random_mean": 7.966873933706528,
      "subspace_participation_ratio_random_std": 0.010911261846087292,
      "subconcept_cos_matrix": [
        [
          1.0,
          0.11059927940368652,
          0.05890548601746559,
          0.1988651603460312,
          0.14918093383312225,
          0.15347805619239807,
          0.1345975399017334,
          0.09529300034046173
        ],
        [
          0.11059927940368652,
          0.9999996423721313,
          0.10281847417354584,
          0.1813405454158783,
          0.027883004397153854,
          -0.17414791882038116,
          0.2775765359401703,
          0.29439952969551086
        ],
        [
          0.05890548601746559,
          0.10281847417354584,
          1.0,
          -0.4198172390460968,
          -0.21005921065807343,
          -0.31342649459838867,
          0.10892642289400101,
          -0.29015395045280457
        ],
        [
          0.1988651603460312,
          0.1813405454158783,
          -0.4198172390460968,
          1.0,
          0.19602149724960327,
          0.2647806406021118,
          0.2547236680984497,
          0.5787885785102844
        ],
        [
          0.14918093383312225,
          0.027883004397153854,
          -0.21005921065807343,
          0.19602149724960327,
          0.9999998807907104,
          -0.11498783528804779,
          -0.2113361358642578,
          0.23226921260356903
        ],
        [
          0.15347805619239807,
          -0.17414791882038116,
          -0.31342649459838867,
          0.2647806406021118,
          -0.11498783528804779,
          0.9999998211860657,
          0.12058166414499283,
          0.10771184414625168
        ],
        [
          0.1345975399017334,
          0.2775765359401703,
          0.10892642289400101,
          0.2547236680984497,
          -0.2113361358642578,
          0.12058166414499283,
          0.9999998807907104,
          0.06709617376327515
        ],
        [
          0.09529300034046173,
          0.29439952969551086,
          -0.29015395045280457,
          0.5787885785102844,
          0.23226921260356903,
          0.10771184414625168,
          0.06709617376327515,
          1.0000001192092896
        ]
      ],
      "drama_axis_energy_in_subconcept_space": 0.4308086335659027
    }
  }
}