{
  "model": "Qwen/Qwen2.5-7B-Instruct",
  "n_layers": 28,
  "layers": [
    7,
    11,
    14,
    16,
    21,
    25,
    28
  ],
  "by_layer": {
    "7": {
      "drama_axis_auroc": 1.0,
      "mean_proj": {
        "neutral": 1.7801919966586865e-05,
        "understated": 114.50015258789062,
        "dramatic": 379.4676818847656,
        "melodramatic": 388.489501953125
      },
      "cos(drama,melo)": 0.9998574256896973,
      "principal_angle_drama_melo_deg": 0.9675277471542358,
      "dramatic_to_melo_frac_var_along_drama_axis": 0.654126763343811,
      "dramatic_to_melo_angle_to_drama_axis_deg": 36.02299118041992,
      "cos(excess,drama)": 1.816079020500183e-08,
      "dramatic_vs_melo_auroc_drama_axis_only": 0.625,
      "dramatic_vs_melo_auroc_excess_axis_only": 1.0,
      "mean_excess_proj": {
        "neutral": 8.245309004450974e-07,
        "understated": -0.40065208077430725,
        "dramatic": 9.705622687761206e-06,
        "melodramatic": 6.560316562652588
      },
      "subconcept_names": [
        "excess_sentimentality",
        "pathos_grief",
        "restraint",
        "shock",
        "sincerity",
        "spectacle",
        "stakes",
        "suspense"
      ],
      "subspace_singular_values": [
        2.672398328781128,
        0.6543666124343872,
        0.5119950175285339,
        0.3424856662750244,
        0.17403681576251984,
        0.10934048146009445,
        0.08624479174613953,
        0.03120971843600273
      ],
      "subspace_participation_ratio": 1.2482689319502605,
      "subspace_explained_var_cumsum": [
        0.8927140831947327,
        0.9462385177612305,
        0.9790058732032776,
        0.9936679005622864,
        0.9974539875984192,
        0.9989483952522278,
        0.9998781681060791,
        0.9999999403953552
      ],
      "subspace_participation_ratio_random_mean": 7.983463893413888,
      "subspace_participation_ratio_random_std": 0.004163666753336858,
      "subconcept_cos_matrix": [
        [
          0.9999997615814209,
          -0.8438145518302917,
          0.7452279329299927,
          0.987330973148346,
          0.9836973547935486,
          0.9988070726394653,
          -0.9295504093170166,
          0.9938516616821289
        ],
        [
          -0.8438145518302917,
          1.000000238418579,
          -0.623212456703186,
          -0.8214747309684753,
          -0.8159324526786804,
          -0.8455199003219604,
          0.8248727321624756,
          -0.8270089626312256
        ],
        [
          0.7452279329299927,
          -0.623212456703186,
          1.0,
          0.7044643759727478,
          0.7332620024681091,
          0.7388308048248291,
          -0.6990584135055542,
          0.7272008657455444
        ],
        [
          0.987330973148346,
          -0.8214747309684753,
          0.7044643759727478,
          1.000000238418579,
          0.9696434140205383,
          0.9870444536209106,
          -0.9110274314880371,
          0.9871049523353577
        ],
        [
          0.9836973547935486,
          -0.8159324526786804,
          0.7332620024681091,
          0.9696434140205383,
          0.9999997615814209,
          0.9827530980110168,
          -0.9120840430259705,
          0.9808312058448792
        ],
        [
          0.9988070726394653,
          -0.8455199003219604,
          0.7388308048248291,
          0.9870444536209106,
          0.9827530980110168,
          0.9999998211860657,
          -0.9237158298492432,
          0.9930468797683716
        ],
        [
          -0.9295504093170166,
          0.8248727321624756,
          -0.6990584135055542,
          -0.9110274314880371,
          -0.9120840430259705,
          -0.9237158298492432,
          0.9999995827674866,
          -0.9234345555305481
        ],
        [
          0.9938516616821289,
          -0.8270089626312256,
          0.7272008657455444,
          0.9871049523353577,
          0.9808312058448792,
          0.9930468797683716,
          -0.9234345555305481,
          0.9999997615814209
        ]
      ],
      "drama_axis_energy_in_subconcept_space": 0.9689105153083801
    },
    "11": {
      "drama_axis_auroc": 1.0,
      "mean_proj": {
        "neutral": -8.7738037109375e-05,
        "understated": 120.37622833251953,
        "dramatic": 394.743896484375,
        "melodramatic": 403.5337829589844
      },
      "cos(drama,melo)": 0.9995591640472412,
      "principal_angle_drama_melo_deg": 1.7015737295150757,
      "dramatic_to_melo_frac_var_along_drama_axis": 0.34967562556266785,
      "dramatic_to_melo_angle_to_drama_axis_deg": 53.748287200927734,
      "cos(excess,drama)": -3.380700945854187e-07,
      "dramatic_vs_melo_auroc_drama_axis_only": 0.625,
      "dramatic_vs_melo_auroc_excess_axis_only": 1.0,
      "mean_excess_proj": {
        "neutral": 0.0,
        "understated": -0.6352826356887817,
        "dramatic": -0.0001330574305029586,
        "melodramatic": 11.986994743347168
      },
      "subconcept_names": [
        "excess_sentimentality",
        "pathos_grief",
        "restraint",
        "shock",
        "sincerity",
        "spectacle",
        "stakes",
        "suspense"
      ],
      "subspace_singular_values": [
        2.5242254734039307,
        0.8449738025665283,
        0.7696569561958313,
        0.44568538665771484,
        0.26271164417266846,
        0.17399542033672333,
        0.14661437273025513,
        0.05011247098445892
      ],
      "subspace_participation_ratio": 1.5419826030701804,
      "subspace_explained_var_cumsum": [
        0.7964641451835632,
        0.8857117295265198,
        0.9597582221031189,
        0.9845876693725586,
        0.9932148456573486,
        0.9969991445541382,
        0.9996861219406128,
        1.0
      ],
      "subspace_participation_ratio_random_mean": 7.984507391505344,
      "subspace_participation_ratio_random_std": 0.002790471116429476,
      "subconcept_cos_matrix": [
        [
          1.0000005960464478,
          -0.6312044858932495,
          0.5234869122505188,
          0.9599242210388184,
          0.9672672152519226,
          0.9969714283943176,
          -0.8798395395278931,
          0.9810999035835266
        ],
        [
          -0.6312044858932495,
          1.0000001192092896,
          -0.35173532366752625,
          -0.554716169834137,
          -0.5907570719718933,
          -0.6378238201141357,
          0.6465552449226379,
          -0.5778846144676208
        ],
        [
          0.5234869122505188,
          -0.35173532366752625,
          0.9999997615814209,
          0.4310542941093445,
          0.5104036927223206,
          0.5129621624946594,
          -0.47692665457725525,
          0.49234551191329956
        ],
        [
          0.9599242210388184,
          -0.554716169834137,
          0.4310542941093445,
          1.0000003576278687,
          0.9246797561645508,
          0.9594029188156128,
          -0.8114628791809082,
          0.9645708799362183
        ],
        [
          0.9672672152519226,
          -0.5907570719718933,
          0.5104036927223206,
          0.9246797561645508,
          1.0000003576278687,
          0.9613985419273376,
          -0.8488427400588989,
          0.9544085264205933
        ],
        [
          0.9969714283943176,
          -0.6378238201141357,
          0.5129621624946594,
          0.9594029188156128,
          0.9613985419273376,
          0.9999996423721313,
          -0.8729634284973145,
          0.9789853692054749
        ],
        [
          -0.8798395395278931,
          0.6465552449226379,
          -0.47692665457725525,
          -0.8114628791809082,
          -0.8488427400588989,
          -0.8729634284973145,
          0.9999998807907104,
          -0.856314480304718
        ],
        [
          0.9810999035835266,
          -0.5778846144676208,
          0.49234551191329956,
          0.9645708799362183,
          0.9544085264205933,
          0.9789853692054749,
          -0.856314480304718,
          1.0
        ]
      ],
      "drama_axis_energy_in_subconcept_space": 0.9464132785797119
    },
    "14": {
      "drama_axis_auroc": 1.0,
      "mean_proj": {
        "neutral": -4.069010537932627e-05,
        "understated": 125.5013198852539,
        "dramatic": 409.4851989746094,
        "melodramatic": 419.3296203613281
      },
      "cos(drama,melo)": 0.9995028376579285,
      "principal_angle_drama_melo_deg": 1.8069943189620972,
      "dramatic_to_melo_frac_var_along_drama_axis": 0.3564567565917969,
      "dramatic_to_melo_angle_to_drama_axis_deg": 53.341800689697266,
      "cos(excess,drama)": -2.8568319976329803e-07,
      "dramatic_vs_melo_auroc_drama_axis_only": 0.6319444444444444,
      "dramatic_vs_melo_auroc_excess_axis_only": 1.0,
      "mean_excess_proj": {
        "neutral": 5.563099989558395e-07,
        "understated": -0.6440975069999695,
        "dramatic": -0.00011704365169862285,
        "melodramatic": 13.227490425109863
      },
      "subconcept_names": [
        "excess_sentimentality",
        "pathos_grief",
        "restraint",
        "shock",
        "sincerity",
        "spectacle",
        "stakes",
        "suspense"
      ],
      "subspace_singular_values": [
        2.5066211223602295,
        0.8431519865989685,
        0.8045634627342224,
        0.4584351181983948,
        0.2869485318660736,
        0.1909092366695404,
        0.16382217407226562,
        0.053265031427145004
      ],
      "subspace_participation_ratio": 1.581989877620791,
      "subspace_explained_var_cumsum": [
        0.7853936553001404,
        0.8742567896842957,
        0.955172061920166,
        0.981442391872406,
        0.9917348027229309,
        0.9962906241416931,
        0.9996453523635864,
        1.0
      ],
      "subspace_participation_ratio_random_mean": 7.984118368129844,
      "subspace_participation_ratio_random_std": 0.002426723712459539,
      "subconcept_cos_matrix": [
        [
          0.9999986886978149,
          -0.5932126641273499,
          0.5351564884185791,
          0.9491342902183533,
          0.9609676599502563,
          0.9965380430221558,
          -0.873636782169342,
          0.9752198457717896
        ],
        [
          -0.5932126641273499,
          0.9999998807907104,
          -0.33784687519073486,
          -0.4966922104358673,
          -0.5520821213722229,
          -0.6009441614151001,
          0.6144071817398071,
          -0.5256928205490112
        ],
        [
          0.5351564884185791,
          -0.33784687519073486,
          0.9999999403953552,
          0.4197438955307007,
          0.5235125422477722,
          0.5210482478141785,
          -0.4921289384365082,
          0.49492359161376953
        ],
        [
          0.9491342902183533,
          -0.4966922104358673,
          0.4197438955307007,
          1.0000005960464478,
          0.9077125191688538,
          0.9488595724105835,
          -0.7887210249900818,
          0.9563342928886414
        ],
        [
          0.9609676599502563,
          -0.5520821213722229,
          0.5235125422477722,
          0.9077125191688538,
          0.9999995231628418,
          0.9536558985710144,
          -0.8347761631011963,
          0.941855788230896
        ],
        [
          0.9965380430221558,
          -0.6009441614151001,
          0.5210482478141785,
          0.9488595724105835,
          0.9536558985710144,
          1.0,
          -0.8672953248023987,
          0.9732072353363037
        ],
        [
          -0.873636782169342,
          0.6144071817398071,
          -0.4921289384365082,
          -0.7887210249900818,
          -0.8347761631011963,
          -0.8672953248023987,
          1.0000004768371582,
          -0.8453010320663452
        ],
        [
          0.9752198457717896,
          -0.5256928205490112,
          0.49492359161376953,
          0.9563342928886414,
          0.941855788230896,
          0.9732072353363037,
          -0.8453010320663452,
          1.0000004768371582
        ]
      ],
      "drama_axis_energy_in_subconcept_space": 0.9432523250579834
    },
    "16": {
      "drama_axis_auroc": 1.0,
      "mean_proj": {
        "neutral": 3.4332275390625e-05,
        "understated": 126.6619644165039,
        "dramatic": 410.8076171875,
        "melodramatic": 420.4684753417969
      },
      "cos(drama,melo)": 0.999409019947052,
      "principal_angle_drama_melo_deg": 1.9703028202056885,
      "dramatic_to_melo_frac_var_along_drama_axis": 0.30844995379447937,
      "dramatic_to_melo_angle_to_drama_axis_deg": 56.262916564941406,
      "cos(excess,drama)": -8.475035429000854e-08,
      "dramatic_vs_melo_auroc_drama_axis_only": 0.625,
      "dramatic_vs_melo_auroc_excess_axis_only": 1.0,
      "mean_excess_proj": {
        "neutral": -2.7815499947791977e-07,
        "understated": -0.6188955903053284,
        "dramatic": -3.6021072446601465e-05,
        "melodramatic": 14.4655179977417
      },
      "subconcept_names": [
        "excess_sentimentality",
        "pathos_grief",
        "restraint",
        "shock",
        "sincerity",
        "spectacle",
        "stakes",
        "suspense"
      ],
      "subspace_singular_values": [
        2.4858510494232178,
        0.8590535521507263,
        0.8267500400543213,
        0.476002961397171,
        0.3105429410934448,
        0.20544157922267914,
        0.17491774260997772,
        0.05690230056643486
      ],
      "subspace_participation_ratio": 1.6301233978420275,
      "subspace_explained_var_cumsum": [
        0.7724319100379944,
        0.8646785616874695,
        0.9501180052757263,
        0.9784403443336487,
        0.990494966506958,
        0.9957707524299622,
        0.9995952844619751,
        1.0
      ],
      "subspace_participation_ratio_random_mean": 7.9861290838531955,
      "subspace_participation_ratio_random_std": 0.003902326420336983,
      "subconcept_cos_matrix": [
        [
          0.9999997019767761,
          -0.5676366686820984,
          0.5223643183708191,
          0.9376755356788635,
          0.9544345736503601,
          0.9960448741912842,
          -0.8620998859405518,
          0.970899760723114
        ],
        [
          -0.5676366686820984,
          1.000000238418579,
          -0.3176906108856201,
          -0.45496299862861633,
          -0.5229870080947876,
          -0.5771905183792114,
          0.6002683043479919,
          -0.489725798368454
        ],
        [
          0.5223643183708191,
          -0.3176906108856201,
          0.9999999403953552,
          0.38748899102211,
          0.5103321075439453,
          0.5053032040596008,
          -0.47352203726768494,
          0.4773256480693817
        ],
        [
          0.9376755356788635,
          -0.45496299862861633,
          0.38748899102211,
          0.9999994039535522,
          0.8894604444503784,
          0.9374166131019592,
          -0.7594883441925049,
          0.9485345482826233
        ],
        [
          0.9544345736503601,
          -0.5229870080947876,
          0.5103321075439453,
          0.8894604444503784,
          0.9999995827674866,
          0.9460151791572571,
          -0.8166459202766418,
          0.9315670728683472
        ],
        [
          0.9960448741912842,
          -0.5771905183792114,
          0.5053032040596008,
          0.9374166131019592,
          0.9460151791572571,
          1.0000003576278687,
          -0.856795608997345,
          0.9687917232513428
        ],
        [
          -0.8620998859405518,
          0.6002683043479919,
          -0.47352203726768494,
          -0.7594883441925049,
          -0.8166459202766418,
          -0.856795608997345,
          0.9999997615814209,
          -0.8280811905860901
        ],
        [
          0.970899760723114,
          -0.489725798368454,
          0.4773256480693817,
          0.9485345482826233,
          0.9315670728683472,
          0.9687917232513428,
          -0.8280811905860901,
          1.0000001192092896
        ]
      ],
      "drama_axis_energy_in_subconcept_space": 0.9377579092979431
    },
    "21": {
      "drama_axis_auroc": 1.0,
      "mean_proj": {
        "neutral": 3.814697265625e-05,
        "understated": 130.9158172607422,
        "dramatic": 414.65771484375,
        "melodramatic": 419.4940185546875
      },
      "cos(drama,melo)": 0.9981238842010498,
      "principal_angle_drama_melo_deg": 3.510507106781006,
      "dramatic_to_melo_frac_var_along_drama_axis": 0.034121617674827576,
      "dramatic_to_melo_angle_to_drama_axis_deg": 79.35517120361328,
      "cos(excess,drama)": -7.683411240577698e-08,
      "dramatic_vs_melo_auroc_drama_axis_only": 0.4652777777777778,
      "dramatic_vs_melo_auroc_excess_axis_only": 1.0,
      "mean_excess_proj": {
        "neutral": -4.569689281197498e-06,
        "understated": -1.8006352186203003,
        "dramatic": -3.1113624572753906e-05,
        "melodramatic": 25.731515884399414
      },
      "subconcept_names": [
        "excess_sentimentality",
        "pathos_grief",
        "restraint",
        "shock",
        "sincerity",
        "spectacle",
        "stakes",
        "suspense"
      ],
      "subspace_singular_values": [
        2.2827868461608887,
        1.0442863702774048,
        0.9213811755180359,
        0.6655154824256897,
        0.4684842526912689,
        0.3279646337032318,
        0.267118364572525,
        0.09002608060836792
      ],
      "subspace_participation_ratio": 2.1823064689536102,
      "subspace_explained_var_cumsum": [
        0.6513895392417908,
        0.7877063155174255,
        0.8938242197036743,
        0.9491881132125854,
        0.9766228199005127,
        0.9900678992271423,
        0.9989868998527527,
        1.0
      ],
      "subspace_participation_ratio_random_mean": 7.982359772766323,
      "subspace_participation_ratio_random_std": 0.004610640629495163,
      "subconcept_cos_matrix": [
        [
          0.9999997615814209,
          -0.2727234959602356,
          0.3946118950843811,
          0.8389848470687866,
          0.8885203003883362,
          0.9895438551902771,
          -0.705335795879364,
          0.9290830492973328
        ],
        [
          -0.2727234959602356,
          0.9999998807907104,
          -0.15056248009204865,
          -0.10415606200695038,
          -0.2032168209552765,
          -0.2900641858577728,
          0.3786419928073883,
          -0.14269408583641052
        ],
        [
          0.3946118950843811,
          -0.15056248009204865,
          1.0000001192092896,
          0.15620329976081848,
          0.3781169354915619,
          0.3641701638698578,
          -0.3279510736465454,
          0.31013861298561096
        ],
        [
          0.8389848470687866,
          -0.10415606200695038,
          0.15620329976081848,
          1.0,
          0.7366229891777039,
          0.8368324041366577,
          -0.4600140452384949,
          0.8777182102203369
        ],
        [
          0.8885203003883362,
          -0.2032168209552765,
          0.3781169354915619,
          0.7366229891777039,
          0.9999998211860657,
          0.8611766695976257,
          -0.6148302555084229,
          0.8328076601028442
        ],
        [
          0.9895438551902771,
          -0.2900641858577728,
          0.3641701638698578,
          0.8368324041366577,
          0.8611766695976257,
          0.9999996423721313,
          -0.6997743844985962,
          0.9244951605796814
        ],
        [
          -0.705335795879364,
          0.3786419928073883,
          -0.3279510736465454,
          -0.4600140452384949,
          -0.6148302555084229,
          -0.6997743844985962,
          0.9999999403953552,
          -0.6254045367240906
        ],
        [
          0.9290830492973328,
          -0.14269408583641052,
          0.31013861298561096,
          0.8777182102203369,
          0.8328076601028442,
          0.9244951605796814,
          -0.6254045367240906,
          1.0000001192092896
        ]
      ],
      "drama_axis_energy_in_subconcept_space": 0.8699702024459839
    },
    "25": {
      "drama_axis_auroc": 1.0,
      "mean_proj": {
        "neutral": 2.1616617232211865e-05,
        "understated": 123.88040924072266,
        "dramatic": 406.9031982421875,
        "melodramatic": 411.0997619628906
      },
      "cos(drama,melo)": 0.9911696314811707,
      "principal_angle_drama_melo_deg": 7.6198883056640625,
      "dramatic_to_melo_frac_var_along_drama_axis": 0.00578864011913538,
      "dramatic_to_melo_angle_to_drama_axis_deg": 85.63653564453125,
      "cos(excess,drama)": -3.6088749766349792e-09,
      "dramatic_vs_melo_auroc_drama_axis_only": 0.4722222222222222,
      "dramatic_vs_melo_auroc_excess_axis_only": 1.0,
      "mean_excess_proj": {
        "neutral": -6.516774647025159e-06,
        "understated": -2.5585241317749023,
        "dramatic": 3.019968744411017e-06,
        "melodramatic": 54.9975700378418
      },
      "subconcept_names": [
        "excess_sentimentality",
        "pathos_grief",
        "restraint",
        "shock",
        "sincerity",
        "spectacle",
        "stakes",
        "suspense"
      ],
      "subspace_singular_values": [
        1.941615343093872,
        1.185765027999878,
        1.0257233381271362,
        0.835530161857605,
        0.7097006440162659,
        0.5601966977119446,
        0.46646419167518616,
        0.19694733619689941
      ],
      "subspace_participation_ratio": 3.51954365509868,
      "subspace_explained_var_cumsum": [
        0.47123369574546814,
        0.6469885110855103,
        0.7785020470619202,
        0.8657658696174622,
        0.9287252426147461,
        0.9679527878761292,
        0.9951514005661011,
        0.9999999403953552
      ],
      "subspace_participation_ratio_random_mean": 7.9839301677301835,
      "subspace_participation_ratio_random_std": 0.0035679878953292386,
      "subconcept_cos_matrix": [
        [
          0.9999995231628418,
          -0.17243827879428864,
          0.07647642493247986,
          0.5482774376869202,
          0.7038156390190125,
          0.9483839273452759,
          -0.41012734174728394,
          0.7681939005851746
        ],
        [
          -0.17243827879428864,
          1.0000001192092896,
          -0.010654802434146404,
          0.06879090517759323,
          -0.02012527547776699,
          -0.20633523166179657,
          0.2823261618614197,
          0.05433381348848343
        ],
        [
          0.07647642493247986,
          -0.010654802434146404,
          1.0,
          -0.22329993546009064,
          0.08576975762844086,
          -0.010030889883637428,
          -0.06152500957250595,
          -0.019526466727256775
        ],
        [
          0.5482774376869202,
          0.06879090517759323,
          -0.22329993546009064,
          1.0,
          0.3746601939201355,
          0.5369748473167419,
          0.03162235766649246,
          0.6656298041343689
        ],
        [
          0.7038156390190125,
          -0.02012527547776699,
          0.08576975762844086,
          0.3746601939201355,
          1.0,
          0.6098182201385498,
          -0.25205546617507935,
          0.5713139772415161
        ],
        [
          0.9483839273452759,
          -0.20633523166179657,
          -0.010030889883637428,
          0.5369748473167419,
          0.6098182201385498,
          1.0000001192092896,
          -0.401407390832901,
          0.7529608011245728
        ],
        [
          -0.41012734174728394,
          0.2823261618614197,
          -0.06152500957250595,
          0.03162235766649246,
          -0.25205546617507935,
          -0.401407390832901,
          0.9999998807907104,
          -0.21942554414272308
        ],
        [
          0.7681939005851746,
          0.05433381348848343,
          -0.019526466727256775,
          0.6656298041343689,
          0.5713139772415161,
          0.7529608011245728,
          -0.21942554414272308,
          0.9999997615814209
        ]
      ],
      "drama_axis_energy_in_subconcept_space": 0.7645520567893982
    },
    "28": {
      "drama_axis_auroc": 1.0,
      "mean_proj": {
        "neutral": -4.76837158203125e-07,
        "understated": 41.09709548950195,
        "dramatic": 83.98493194580078,
        "melodramatic": 91.83304595947266
      },
      "cos(drama,melo)": 0.8295485377311707,
      "principal_angle_drama_melo_deg": 33.947608947753906,
      "dramatic_to_melo_frac_var_along_drama_axis": 0.015860894694924355,
      "dramatic_to_melo_angle_to_drama_axis_deg": 82.76494598388672,
      "cos(excess,drama)": -3.725290298461914e-09,
      "dramatic_vs_melo_auroc_drama_axis_only": 0.6458333333333335,
      "dramatic_vs_melo_auroc_excess_axis_only": 1.0,
      "mean_excess_proj": {
        "neutral": -1.589457156114804e-06,
        "understated": -5.7416205406188965,
        "dramatic": -1.9073486328125e-06,
        "melodramatic": 61.820068359375
      },
      "subconcept_names": [
        "excess_sentimentality",
        "pathos_grief",
        "restraint",
        "shock",
        "sincerity",
        "spectacle",
        "stakes",
        "suspense"
      ],
      "subspace_singular_values": [
        1.5521454811096191,
        1.230107069015503,
        1.0815882682800293,
        0.9277416467666626,
        0.8496155738830566,
        0.7505193948745728,
        0.6914240121841431,
        0.5328694581985474
      ],
      "subspace_participation_ratio": 5.638498842306447,
      "subspace_explained_var_cumsum": [
        0.30114448070526123,
        0.49028992652893066,
        0.6365190744400024,
        0.7441071271896362,
        0.8343379497528076,
        0.9047479033470154,
        0.9645063281059265,
        1.0000001192092896
      ],
      "subspace_participation_ratio_random_mean": 7.984711764861291,
      "subspace_participation_ratio_random_std": 0.004378652866730535,
      "subconcept_cos_matrix": [
        [
          0.9999998807907104,
          -0.06187963858246803,
          -0.08515293151140213,
          0.28616848587989807,
          0.05728156119585037,
          0.013099707663059235,
          0.025480464100837708,
          0.17016451060771942
        ],
        [
          -0.06187963858246803,
          1.0,
          -0.09167814254760742,
          0.2593468129634857,
          0.022458946332335472,
          -0.16359876096248627,
          0.38949620723724365,
          0.386810302734375
        ],
        [
          -0.08515293151140213,
          -0.09167814254760742,
          1.0000001192092896,
          -0.4779645800590515,
          0.2195940762758255,
          -0.23480142652988434,
          -0.06529352068901062,
          -0.2224418669939041
        ],
        [
          0.28616848587989807,
          0.2593468129634857,
          -0.4779645800590515,
          1.0000001192092896,
          -0.20266835391521454,
          0.1660929173231125,
          0.3662920594215393,
          0.5914124846458435
        ],
        [
          0.05728156119585037,
          0.022458946332335472,
          0.2195940762758255,
          -0.20266835391521454,
          1.0,
          -0.26944851875305176,
          -0.14413657784461975,
          0.060531362891197205
        ],
        [
          0.013099707663059235,
          -0.16359876096248627,
          -0.23480142652988434,
          0.1660929173231125,
          -0.26944851875305176,
          0.9999997019767761,
          0.1394466757774353,
          -0.07868590205907822
        ],
        [
          0.025480464100837708,
          0.38949620723724365,
          -0.06529352068901062,
          0.3662920594215393,
          -0.14413657784461975,
          0.1394466757774353,
          1.0000001192092896,
          0.2900846600532532
        ],
        [
          0.17016451060771942,
          0.386810302734375,
          -0.2224418669939041,
          0.5914124846458435,
          0.060531362891197205,
          -0.07868590205907822,
          0.2900846600532532,
          0.9999998807907104
        ]
      ],
      "drama_axis_energy_in_subconcept_space": 0.4981185793876648
    }
  }
}